alpha =  0.4 , <E> =  0.511009797484 var(E) =  0.0233548969609
alpha =  0.45 , <E> =  0.499032466249 var(E) =  0.00491036499714
alpha =  0.55 , <E> =  0.504446252185 var(E) =  0.00402241960338
alpha =  0.6 , <E> =  0.507602720798 var(E) =  0.0165575456052

